50,1,2.5
0,1,0,0,0,0,0
0.1,1.07782,1.55395,6.25402,-0.580553,160.554,25777.6
0.2,1.24265,1.73756,6.19333,-0.627686,21.9352,26258.7
0.3,1.56074,4.59942,6.07889,-1.64187,306.458,120175
0.4,2.00661,4.30705,5.9245,-1.43367,-10.6941,120289
0.5,2.44078,4.36801,5.7872,-1.30165,33.8481,121435
0.6,2.75758,1.99078,5.70525,-0.346509,-249.763,183817
0.7,3.07175,4.27621,5.64505,-0.844567,294.298,270428
0.8,3.58509,5.97212,5.54673,-1.10525,236.83,326516
0.9,4.19664,6.26035,5.44518,-0.920276,68.6346,331227
1,4.70076,3.83929,5.39699,-0.0514304,-290.272,415485
1.1,4.9216,0.555232,5.44515,1.02557,-402.79,577725
1.2,4.76728,-3.73575,5.61621,2.44536,-489.238,817079
1.3,4.28462,-5.95459,5.9051,3.34917,-183.91,850901
1.4,3.48734,-9.91016,0.0345321,4.86677,-374.432,991101
1.5,2.50959,-9.43639,0.512935,4.60253,-35.6392,992371
1.6,1.82154,-4.5001,0.885693,2.95942,473.239,1.21633e+06
1.7,1.5366,-1.29295,1.13155,2.01025,353.86,1.34154e+06
1.8,1.5887,2.27594,1.29016,1.19967,470.006,1.56245e+06
1.9,1.81264,2.18876,1.39258,0.847903,-35.8212,1.56373e+06
2,2.15454,4.6358,1.45206,0.350913,353.464,1.68867e+06
2.1,2.6059,4.38903,1.46935,-0.00548099,-42.2812,1.69046e+06
2.2,3.12523,6.00161,1.4473,-0.437603,235.218,1.74578e+06
2.3,3.744,6.38398,1.38432,-0.823577,45.008,1.74781e+06
2.4,4.28977,4.53644,1.29142,-1.02301,-293.307,1.83384e+06
2.5,4.63513,2.36928,1.18419,-1.10543,-341.91,1.95074e+06
2.6,4.8272,1.47643,1.06383,-1.29336,-160.324,1.97644e+06
2.7,4.94082,0.798193,0.925507,-1.4639,-133.295,1.99421e+06
2.8,5.19274,4.3313,0.72321,-2.62976,393.584,2.14912e+06
2.9,5.66559,5.12238,0.437355,-3.07938,16.4058,2.14939e+06
3,6.34067,8.34686,0.0657537,-4.33786,291.303,2.23425e+06
3.1,7.14526,7.58575,5.92774,-4.0049,-42.4259,2.23605e+06
3.2,8.02886,9.85258,5.49449,-4.53143,410.141,2.40426e+06
3.3,8.93428,8.30436,5.07394,-3.90951,-5.89043,2.4043e+06
3.4,9.8484,9.99873,4.69364,-3.65374,435.578,2.59403e+06
3.5,10.8394,9.88137,4.34612,-3.29878,121.509,2.60879e+06
3.6,11.6501,6.28018,4.00189,-3.67359,-388.358,2.75961e+06
3.7,12.4125,9.13626,3.68423,-2.61004,408.305,2.92632e+06
3.8,13.2616,7.83768,3.40951,-2.9113,-123.246,2.94151e+06
3.9,14.2085,11.1415,3.18192,-1.63184,348.461,3.06294e+06
4,15.3529,11.7416,3.02988,-1.42038,62.6455,3.06686e+06
4.1,16.7062,15.3078,2.95172,-0.156581,377.708,3.20953e+06
4.2,18.2895,16.3583,2.95192,0.160604,118.639,3.2236e+06
4.3,19.8727,15.3053,2.94509,-0.297501,-101.761,3.23396e+06
4.4,21.5188,17.6183,2.95426,0.48235,251.232,3.29708e+06
4.5,23.1663,15.3318,2.95693,-0.428983,-231.031,3.35045e+06
4.6,24.6592,14.526,2.8955,-0.802674,-76.2699,3.35627e+06
4.7,26.3228,18.7432,2.88713,0.633053,458.695,3.56667e+06
4.8,28.2473,19.7546,2.96456,0.924479,114.541,3.57979e+06
4.9,30.171,18.7216,3.03504,0.489186,-101.997,3.59019e+06
5,31.8199,14.2591,2.99855,-1.21873,-457.79,3.79976e+06
5.1,33.3826,16.9797,2.92407,-0.283038,291.855,3.88494e+06
5.2,35.0906,17.1791,2.89531,-0.294734,31.0864,3.88591e+06
5.3,36.5747,12.5467,2.77624,-2.06793,-489.155,4.12518e+06
5.4,37.6226,8.57718,2.49144,-3.55526,-483.116,4.35858e+06
5.5,38.5956,10.8553,2.1544,-3.2417,211.262,4.40322e+06
5.6,39.6652,10.6103,1.81101,-3.61852,-152.436,4.42645e+06
5.7,40.6384,8.92368,1.42696,-4.02164,-432.655,4.61364e+06
5.8,41.7637,13.7471,0.98241,-5.00681,448.213,4.81454e+06
5.9,43.2907,16.8054,0.429158,-6.10334,112.376,4.82717e+06
6,44.8625,14.1717,6.13761,-5.17709,-341.618,4.94387e+06
6.1,46.092,10.4055,5.69226,-3.73787,-312.644,5.04161e+06
6.2,46.9638,7.13534,5.3787,-2.59182,-302.768,5.13328e+06
6.3,47.6054,5.74282,5.14984,-2.00443,-114.771,5.14645e+06
6.4,48.2152,6.46663,4.96169,-1.74826,160.795,5.17231e+06
6.5,48.9379,8.00332,4.79946,-1.48018,268.332,5.24431e+06
6.6,49.6644,6.5456,4.67099,-1.10082,-196.874,5.28307e+06
6.7,50.2958,6.09568,4.57863,-0.749085,-60.6951,5.28676e+06
6.8,50.9195,6.38747,4.52275,-0.367613,39.9436,5.28835e+06
6.9,51.5013,5.25082,4.4998,-0.0931022,-176.705,5.31958e+06
7,52.0529,5.77897,4.51059,0.308681,69.0336,5.32434e+06
7.1,52.5938,5.03331,4.55694,0.620567,-116.125,5.33783e+06
7.2,52.9913,2.91044,4.632,0.890702,-315.362,5.43728e+06
7.3,53.1259,-0.232485,4.73664,1.22265,-458.792,5.64777e+06
7.4,53.0423,-1.46399,4.87884,1.63233,-154.626,5.67168e+06
7.5,52.8946,-1.5142,5.06015,1.99397,43.6042,5.67358e+06
7.6,52.5979,-4.50358,5.29871,2.82448,-338,5.78782e+06
7.7,52.082,-5.8523,5.61098,3.4373,-61.4653,5.7916e+06
7.8,51.2612,-10.649,6.03976,5.20022,-424.839,5.97209e+06
7.9,50.411,-6.14325,0.19811,3.52274,476.736,6.19937e+06
8,49.9559,-2.9859,0.487887,2.28543,294.219,6.28593e+06
8.1,49.7799,-0.580217,0.667575,1.32855,238.924,6.34302e+06
8.2,49.7915,0.790538,0.768578,0.698418,137.957,6.36205e+06
8.3,49.9356,2.0836,0.808098,0.0948459,139.389,6.38148e+06
8.4,50.2606,4.42813,0.773895,-0.784168,273.384,6.45622e+06
