50,1,2.5
0,1,0,0,0,0,0
0.1,1.13049,2.60495,6.23428,-0.973055,269.256,72498.9
0.2,1.61317,6.99362,6.05563,-2.56227,467.759,291298
0.3,2.13568,3.49358,5.8683,-1.19988,-350.238,413965
0.4,2.4214,2.23106,5.77786,-0.610555,-118.899,428102
0.5,2.63866,2.11473,5.72792,-0.385951,8.33486,428171
0.6,3.00276,5.13905,5.65117,-1.12817,380.863,573228
0.7,3.4348,3.51958,5.57394,-0.422789,-169.244,601871
0.8,3.95597,6.87449,5.49651,-1.10332,445.945,800738
0.9,4.54954,5.01792,5.42376,-0.360168,-210.483,845041
1,5.15637,7.11087,5.3765,-0.57652,298.917,934393
1.1,5.74079,4.58274,5.36239,0.291874,-312.721,1.03219e+06
1.2,6.08326,2.24191,5.43298,1.13101,-279.922,1.11054e+06
1.3,6.0997,-2.01089,5.61365,2.53437,-482.799,1.34364e+06
1.4,5.72778,-5.50398,5.93092,3.85311,-320.303,1.44623e+06
1.5,5.17721,-5.36526,0.0371003,3.85779,50.6358,1.4488e+06
1.6,4.58587,-6.2915,0.4401,4.1113,-155.887,1.4731e+06
1.7,3.98023,-5.77177,0.833961,3.73911,-72.9207,1.47841e+06
1.8,3.61992,-1.57673,1.14526,2.57391,448.013,1.67913e+06
1.9,3.52404,-0.384717,1.37745,2.08707,96.1124,1.68837e+06
2,3.48635,-0.397043,1.56783,1.72032,-51.339,1.691e+06
2.1,3.38667,-1.62312,1.7203,1.31732,-209.075,1.73472e+06
2.2,3.38619,1.61236,1.84557,1.21438,468.661,1.95436e+06
2.3,3.39976,-1.37016,1.93254,0.507793,-428.655,2.1381e+06
2.4,3.29988,-0.630343,1.97132,0.270041,120.275,2.15257e+06
2.5,3.40202,2.67821,2.00623,0.436465,486.431,2.38919e+06
2.6,3.81602,5.60862,2.05726,0.595041,427.801,2.5722e+06
2.7,4.373,5.52585,2.09993,0.258394,6.0536,2.57224e+06
2.8,5.01162,7.24819,2.12652,0.276997,256.39,2.63797e+06
2.9,5.89833,10.4968,2.17142,0.632314,460.893,2.85039e+06
3,6.83476,8.22358,2.19503,-0.163657,-284.361,2.93125e+06
3.1,7.69118,8.90521,2.17106,-0.317346,112.694,2.94395e+06
3.2,8.68151,10.8986,2.14492,-0.209601,290.832,3.02854e+06
3.3,9.88656,13.2005,2.13175,-0.0562557,334.794,3.14062e+06
3.4,11.1741,12.555,2.10403,-0.497204,-68.9753,3.14538e+06
3.5,12.5213,14.3866,2.05533,-0.483528,271.307,3.21899e+06
3.6,14.1158,17.4974,2.0171,-0.289818,454.109,3.4252e+06
3.7,15.8056,16.3101,1.96194,-0.809067,-155.18,3.44929e+06
3.8,17.3852,15.3037,1.85698,-1.28337,-144.226,3.47009e+06
3.9,18.8407,13.8403,1.70407,-1.76056,-235.564,3.52558e+06
4,20.0808,10.9976,1.5058,-2.16948,-473.265,3.74956e+06
4.1,21.189,11.1981,1.27015,-2.54602,-46.5561,3.75172e+06
4.2,22.2992,11.023,0.999866,-2.85263,-124.719,3.76728e+06
4.3,23.3091,9.11189,0.721599,-2.66049,-343.631,3.88536e+06
4.4,24.1543,7.7277,0.464664,-2.4327,-229.804,3.93817e+06
4.5,24.7597,4.29826,0.272494,-1.35612,-405.831,4.10287e+06
4.6,25.055,1.58515,0.181776,-0.441075,-297.932,4.19163e+06
4.7,25.0051,-2.57413,0.211473,1.02847,-443.971,4.38874e+06
4.8,24.6173,-5.13993,0.357159,1.85487,-293.337,4.47479e+06
4.9,23.9596,-7.92089,0.584207,2.62486,-360.681,4.60488e+06
5,23.1286,-8.66409,0.846726,2.59519,-170.276,4.63387e+06
5.1,22.1532,-10.7937,1.11581,2.73681,-384.006,4.78134e+06
5.2,21.2006,-8.32204,1.35504,2.08597,276.241,4.85764e+06
5.3,20.4384,-6.95684,1.54148,1.65869,155.037,4.88168e+06
5.4,19.7647,-6.53911,1.68911,1.29785,37.4318,4.88308e+06
5.5,19.2547,-3.66499,1.80932,1.12861,416.935,5.05692e+06
5.6,18.9907,-1.61934,1.9149,0.997524,298.115,5.14579e+06
5.7,18.9919,1.6561,2.02018,1.13228,471.895,5.36848e+06
5.8,19.2365,3.24074,2.13103,1.09821,226.234,5.41966e+06
5.9,19.7141,6.34094,2.25822,1.47667,420.85,5.59677e+06
6,20.482,9.05593,2.4262,1.92083,343.138,5.71452e+06
6.1,21.5316,11.997,2.65042,2.61688,333.961,5.82605e+06
6.2,22.5392,8.07372,2.83863,1.11259,-432.795,6.01336e+06
6.3,23.2001,5.13397,2.89188,-0.0504749,-302.108,6.10463e+06
6.4,23.7876,6.61914,2.90933,0.401941,167.768,6.13277e+06
6.5,24.4539,6.71002,2.94714,0.357463,18.6839,6.13312e+06
6.6,25.3232,10.6985,3.0532,1.78243,420.174,6.30967e+06
6.7,26.2061,6.96114,3.1605,0.370024,-384.91,6.45782e+06
6.8,26.7676,4.26643,3.14731,-0.635176,-278.566,6.53542e+06
6.9,27.3102,6.58463,3.12724,0.232001,239.338,6.59271e+06
7,28.179,10.7916,3.2296,1.82109,433.285,6.78044e+06
7.1,29.063,6.91333,3.3416,0.438428,-408.693,6.94747e+06
7.2,29.8815,9.44214,3.43611,1.44895,259.711,7.01492e+06
7.3,30.7314,7.57864,3.55369,0.921853,-211.79,7.05978e+06
7.4,31.3013,3.83324,3.58946,-0.195817,-434.161,7.24827e+06
7.5,31.6691,3.52211,3.57248,-0.145121,-52.2508,7.251e+06
7.6,31.8202,-0.532239,3.49626,-1.40238,-460.246,7.46283e+06
7.7,31.8918,1.98152,3.40635,-0.390863,259.831,7.53034e+06
7.8,31.8986,-1.87403,3.30182,-1.72206,-412.986,7.7009e+06
7.9,31.6697,-2.70933,3.11593,-2.00927,-86.7204,7.70842e+06
8,31.6084,1.4658,2.99208,-0.485396,435.192,7.89781e+06
8.1,31.7519,1.40131,2.93935,-0.573451,0.54994,7.89781e+06
8.2,31.9853,3.26048,2.91227,0.0278172,205.268,7.93995e+06
8.3,32.2956,2.94542,2.90509,-0.171911,-22.981,7.94047e+06
8.4,32.5666,2.47428,2.87486,-0.434487,-39.1721,7.94201e+06
8.5,32.9477,5.14815,2.87481,0.433553,296.414,8.02987e+06
8.6,33.3837,3.57148,2.88482,-0.233193,-156.03,8.05422e+06
8.7,33.8139,5.03175,2.88328,0.202033,166.43,8.08191e+06
8.8,34.3125,4.94007,2.89719,0.077381,1.27964,8.08192e+06
8.9,35.0067,8.96653,2.974,1.47554,431.495,8.2681e+06
9,35.6745,4.38218,3.03385,-0.279794,-471.021,8.48996e+06
9.1,36.1608,5.34253,3.02172,0.0359917,104.814,8.50095e+06
9.2,36.9112,9.67937,3.10418,1.62525,451.979,8.70524e+06
9.3,37.9331,10.756,3.28734,2.04753,111.274,8.71762e+06
9.4,38.9727,10.0433,3.48277,1.87715,-74.785,8.72321e+06
9.5,39.7681,5.91476,3.60495,0.603618,-465.663,8.94005e+06
9.6,40.3237,5.20355,3.66195,0.542149,-97.9838,8.94965e+06
9.7,40.8328,4.97841,3.72198,0.66231,-44.2053,8.95161e+06
9.8,41.3455,5.27065,3.80329,0.965407,17.8609,8.95193e+06
9.9,42.0364,8.47257,3.95871,2.10848,395.135,9.10806e+06
10,42.8073,6.95445,4.16569,2.05637,-180.987,9.14081e+06
10.1,43.5437,7.72231,4.39477,2.51321,150.699,9.16352e+06
10.2,44.4435,10.2007,4.67498,3.04618,455.627,9.37112e+06
10.3,45.3508,7.88204,5.00088,3.51932,-208.398,9.41455e+06
10.4,45.906,3.04362,5.40503,4.69132,-476.454,9.64156e+06
10.5,46.2333,3.67435,5.87951,4.71236,261.841,9.71012e+06
10.6,46.7027,5.95357,0.0350464,3.93679,291.98,9.79537e+06
10.7,47.3269,6.64092,0.4151,3.60556,23.7263,9.79593e+06
10.8,48.0051,6.96475,0.761839,3.30222,-65.173,9.80018e+06
10.9,48.7098,7.12592,1.07603,2.97327,-98.0244,9.80979e+06
11,49.3517,5.71309,1.36667,2.80877,-317.224,9.91042e+06
