50,1,1
0,1,0,0,0,0,0
0.1,1.01031,0.206189,6.27805,-0.102254,22.6976,515.191
0.2,1.08857,1.3583,6.23933,-0.668472,126.941,16629.3
0.3,1.43818,5.62439,6.06809,-2.73068,471.933,239350
0.4,1.82956,2.21078,5.88388,-0.958962,-373.949,379188
0.5,1.9565,0.329501,5.84096,0.100211,-206.272,421736
0.6,2.06304,1.80082,5.82823,-0.353019,168.404,450096
0.7,2.44123,5.75128,5.71637,-1.85316,449.131,651815
0.8,2.87559,2.94517,5.60262,-0.433794,-312.21,749290
0.9,3.13287,2.20072,5.58919,0.1655,-80.0466,755697
1,3.52842,5.70706,5.5542,-0.855244,405.459,920094
1.1,4.17172,7.15609,5.45921,-1.02996,172.649,949902
1.2,4.75696,4.55249,5.41771,0.194037,-295.923,1.03747e+06
1.3,5.31319,6.57243,5.42281,-0.0929847,238.664,1.09443e+06
1.4,6.05892,8.34157,5.40347,-0.290446,209.807,1.13845e+06
1.5,6.81722,6.82349,5.41744,0.57086,-171.069,1.16772e+06
1.6,7.38417,4.50634,5.53135,1.71992,-260.331,1.23549e+06
1.7,7.88298,5.47448,5.70052,1.64243,118.48,1.24953e+06
1.8,8.29004,2.65502,5.93782,3.11675,-307.11,1.34384e+06
1.9,8.56069,2.77161,6.25281,3.15079,18.3235,1.34418e+06
2,8.92883,4.59771,0.237783,2.19174,198.746,1.38368e+06
2.1,9.20915,1.0395,0.534063,3.66472,-406.498,1.54892e+06
2.2,9.17847,-1.61269,0.938422,4.32343,-330.243,1.65798e+06
2.3,9.11484,0.318994,1.32611,3.47788,197.544,1.697e+06
2.4,9.26405,2.64981,1.6418,2.89531,258.739,1.76395e+06
2.5,9.47791,1.61338,1.90304,2.31023,-135.334,1.78226e+06
2.6,9.50219,-1.14492,2.08477,1.28889,-328.599,1.89024e+06
2.7,9.57436,2.59939,2.2426,1.91874,438.107,2.08218e+06
2.8,9.64296,-1.24186,2.35286,0.261556,-440.752,2.27644e+06
2.9,9.73329,3.0579,2.43894,1.48958,496.923,2.52337e+06
3,10.0601,3.47935,2.58135,1.37104,50.0803,2.52588e+06
3.1,10.2506,0.325159,2.6381,-0.241428,-351.045,2.64912e+06
3.2,10.4226,3.11555,2.66321,0.748938,317.32,2.74981e+06
3.3,10.6719,1.8709,2.69937,-0.0251756,-135.606,2.7682e+06
3.4,11.0551,5.79936,2.77575,1.57154,441.61,2.96322e+06
3.5,11.7865,8.83835,2.99782,2.90622,336.505,3.07645e+06
3.6,12.452,4.46953,3.17802,0.708897,-480.903,3.30772e+06
3.7,12.7165,0.820576,3.1589,-1.0934,-401.841,3.46919e+06
3.8,12.9624,4.09676,3.13133,0.539589,360.486,3.59914e+06
3.9,13.2835,2.32557,3.14101,-0.345046,-194.851,3.63711e+06
4,13.5519,3.04121,3.12418,0.00690572,78.8389,3.64333e+06
4.1,13.9194,4.30911,3.15626,0.637564,139.535,3.6628e+06
4.2,14.3698,4.69997,3.23068,0.857217,42.5778,3.66461e+06
4.3,14.8749,5.40355,3.3368,1.27317,76.5255,3.67047e+06
4.4,15.2218,1.53656,3.3752,-0.498346,-429.363,3.85482e+06
4.5,15.2323,-1.3317,3.26032,-1.81556,-317.831,3.95584e+06
4.6,15.1434,-0.446791,3.10237,-1.35627,97.2377,3.96529e+06
4.7,15.2246,2.0682,3.02767,-0.146183,277.599,4.04235e+06
4.8,15.2701,-1.15579,2.92988,-1.81236,-354.346,4.16791e+06
4.9,15.3071,1.88909,2.816,-0.485037,339.139,4.28293e+06
5,15.4695,1.3599,2.74675,-0.904003,-56.0046,4.28607e+06
5.1,15.566,0.572016,2.6282,-1.47139,-85.6008,4.29339e+06
5.2,15.7731,3.56297,2.53191,-0.476829,341.099,4.40974e+06
5.3,16.1925,4.82367,2.49553,-0.255956,147.553,4.43151e+06
5.4,16.767,6.66624,2.49173,0.17942,214.164,4.47738e+06
5.5,17.5542,9.08067,2.54349,0.866482,278.267,4.55481e+06
5.6,18.3636,7.1067,2.57546,-0.228469,-218.698,4.60264e+06
5.7,18.9143,3.91786,2.47248,-1.81832,-357.993,4.7308e+06
5.8,19.2974,3.74818,2.27102,-2.21882,-20.291,4.73121e+06
5.9,19.6883,4.07628,2.03397,-2.53657,33.4431,4.73233e+06
6,20.1972,6.10365,1.77626,-2.66536,231.493,4.78592e+06
6.1,20.8942,7.84503,1.49031,-3.09606,193.112,4.82321e+06
6.2,21.6908,8.09969,1.15554,-3.60085,6.48487,4.82325e+06
6.3,22.4263,6.59602,0.793457,-3.58305,-201.649,4.86392e+06
6.4,23.1097,7.06564,0.410705,-4.05189,32.3175,4.86496e+06
6.5,23.949,9.69438,6.21869,-5.4204,281.565,4.94424e+06
6.6,24.6997,5.32359,5.78805,-3.2047,-472.709,5.16769e+06
6.7,25.3506,7.66266,5.43302,-3.81835,286.693,5.24988e+06
6.8,26.1095,7.5204,5.07343,-3.36308,9.56054,5.24998e+06
6.9,26.6472,3.25553,4.78812,-2.43942,-491.716,5.49176e+06
7,27.0857,5.52436,4.56876,-1.90675,281.409,5.57095e+06
7.1,27.6396,5.56083,4.40222,-1.42586,7.62178,5.57101e+06
7.2,28.0119,1.87972,4.25029,-1.66138,-435.624,5.76078e+06
7.3,28.0996,-0.128329,4.08063,-1.76407,-234.943,5.81598e+06
7.4,28.153,1.20482,3.94413,-0.959003,152.47,5.83922e+06
7.5,28.0668,-2.94556,3.79031,-2.16789,-476.824,6.06659e+06
7.6,27.8411,-1.5597,3.61574,-1.32168,155.272,6.09069e+06
7.7,27.6706,-1.85155,3.48719,-1.26057,-34.8192,6.09191e+06
7.8,27.2865,-5.84271,3.27284,-3.06618,-441.863,6.28715e+06
7.9,26.8708,-2.46882,3.0514,-1.37958,371.55,6.4252e+06
8,26.756,0.169095,2.97584,-0.141062,291.853,6.51038e+06
8.1,26.6589,-2.10925,2.90128,-1.35276,-249.906,6.57283e+06
8.2,26.3827,-3.41148,2.72771,-2.12422,-143.648,6.59347e+06
8.3,26.2171,0.088666,2.58223,-0.821049,395.038,6.74952e+06
8.4,26.4049,3.66522,2.56178,0.406507,408.467,6.91637e+06
8.5,26.8238,4.71433,2.61144,0.593048,122.462,6.93136e+06
8.6,27.2824,4.45722,2.65312,0.242986,-24.9119,6.93198e+06
8.7,27.7783,5.46156,2.6884,0.466993,116.416,6.94554e+06
8.8,28.36,6.17246,2.74082,0.587008,82.8948,6.95241e+06
8.9,28.927,5.16738,2.76702,-0.0620211,-108.645,6.96421e+06
9,29.4116,4.52619,2.73683,-0.543371,-68.1074,6.96885e+06
9.1,30.0674,8.59206,2.76595,1.13303,456.834,7.17755e+06
9.2,30.8932,7.92346,2.85531,0.659206,-71.799,7.1827e+06
9.3,31.4756,3.72762,2.8136,-1.49112,-462.62,7.39672e+06
9.4,32.0448,7.64978,2.74753,0.15426,439.578,7.58995e+06
9.5,32.8557,8.56856,2.77496,0.397635,105.677,7.60112e+06
9.6,33.6871,8.05999,2.79426,-0.0105761,-53.4044,7.60397e+06
9.7,34.4331,6.86015,2.75656,-0.744627,-130.378,7.62097e+06
9.8,35.2727,9.93181,2.74333,0.477232,346,7.74068e+06
9.9,36.1084,6.78487,2.70897,-1.16245,-347.728,7.8616e+06
10,36.8231,7.50711,2.59775,-1.07384,83.9393,7.86864e+06
10.1,37.5301,6.63757,2.45863,-1.71019,-96.1908,7.8779e+06
10.2,38.25,7.75724,2.29184,-1.64708,129.576,7.89469e+06
10.3,38.8593,4.4584,2.05712,-2.99717,-389.591,8.04647e+06
10.4,39.1414,1.21762,1.70455,-3.96734,-406.329,8.21157e+06
10.5,39.4006,3.98707,1.28324,-4.55346,295.924,8.29914e+06
10.6,39.8232,4.46722,0.800797,-5.09285,12.5407,8.2993e+06
10.7,40.1671,2.35642,0.318334,-4.45612,-267.035,8.37061e+06
10.8,40.5279,4.81703,6.09072,-5.70505,267.923,8.44239e+06
10.9,40.9284,3.17324,5.56654,-4.76288,-157.087,8.46706e+06
11,41.1713,1.69828,5.13279,-3.93772,-137.311,8.48592e+06
11.1,41.5195,5.26074,4.73715,-3.85277,457.73,8.69544e+06
11.2,41.8408,1.16749,4.36594,-3.70009,-464.156,8.91088e+06
11.3,41.9558,1.1484,4.0174,-3.28162,14.6118,8.91109e+06
11.4,42.2571,4.90995,3.77263,-1.56444,434.619,9.09998e+06
11.5,42.698,3.90614,3.60862,-1.73577,-114.722,9.11314e+06
11.6,43.2011,6.161,3.49636,-0.507113,249.096,9.17519e+06
11.7,43.6148,2.10243,3.35749,-2.29932,-451.62,9.37915e+06
11.8,44.0232,6.06913,3.22918,-0.26954,436.456,9.56965e+06
11.9,44.4823,3.11131,3.13014,-1.72141,-325.883,9.67585e+06
12,44.9151,5.54329,3.01728,-0.54773,268.282,9.74782e+06
12.1,45.6141,8.43587,3.03099,0.823567,319.869,9.85014e+06
12.2,46.2481,4.24594,3.00665,-1.3111,-460.438,1.00621e+07
12.3,46.5828,2.45016,2.82683,-2.29204,-197.889,1.01013e+07
12.4,46.9225,4.33823,2.63229,-1.62874,211.42,1.0146e+07
12.5,47.3791,4.79284,2.46593,-1.71332,52.8505,1.01488e+07
12.6,47.784,3.3194,2.25065,-2.5812,-171.096,1.01781e+07
12.7,48.2321,5.63784,2.00487,-2.38656,265.832,1.02487e+07
12.8,48.7369,4.47341,1.73313,-3.02728,-150.02,1.02712e+07
12.9,49.1773,4.34896,1.40578,-3.51635,-36.2718,1.02726e+07
