50,1,1
0,1,0,0,0,0,0
0.1,1.01909,0.381865,6.28145,-0.0346635,55.5466,3085.43
0.2,1.20076,3.25128,6.26496,-0.294812,417.407,177314
0.3,1.68028,6.33887,6.22159,-0.571934,449.335,379216
0.4,2.43185,8.69175,6.1541,-0.776526,342.971,496845
0.5,3.34134,9.49716,6.07352,-0.833713,118.542,510897
0.6,4.17761,7.2285,6.00121,-0.611972,-328.916,619083
0.7,4.75878,4.3954,5.95364,-0.339554,-411.64,788531
0.8,5.31875,6.80313,5.91086,-0.51469,353.253,913318
0.9,5.98072,6.43628,5.86263,-0.449494,-51.5727,915978
1,6.62642,6.47766,5.81938,-0.41475,8.17754,916045
1.1,7.44393,9.87087,5.76628,-0.645323,499.477,1.16552e+06
1.2,8.29831,7.21787,5.71439,-0.392921,-386.451,1.31487e+06
1.3,9.00162,6.84857,5.67895,-0.315618,-51.83,1.31755e+06
1.4,9.64571,6.03354,5.65298,-0.203608,-117.492,1.33136e+06
1.5,10.3647,8.34523,5.62683,-0.318505,342.361,1.44857e+06
1.6,11.1399,7.15861,5.60197,-0.17863,-172.314,1.47826e+06
1.7,11.8447,6.93876,5.58771,-0.106566,-30.1301,1.47917e+06
1.8,12.605,8.26591,5.5753,-0.141246,197.797,1.51829e+06
1.9,13.3962,7.55862,5.56652,-0.0343322,-102.021,1.5287e+06
2,14.112,6.75769,5.56876,0.0790864,-115.859,1.54212e+06
2.1,14.7117,5.23625,5.58481,0.242099,-221.932,1.59138e+06
2.2,15.2648,5.8261,5.60979,0.257041,89.2529,1.59934e+06
2.3,15.9075,7.02747,5.63395,0.225529,179.142,1.63144e+06
2.4,16.4879,4.58089,5.66808,0.457481,-357.288,1.75909e+06
2.5,16.8638,2.93606,5.72251,0.631284,-238.675,1.81606e+06
2.6,17.0987,1.76117,5.7925,0.768376,-169.078,1.84464e+06
2.7,17.3824,3.91297,5.86261,0.631753,317.718,1.94559e+06
2.8,17.858,5.60088,5.92046,0.52382,248.838,2.00751e+06
2.9,18.3631,4.50092,5.97906,0.647502,-158.591,2.03266e+06
3,18.8042,4.32078,6.04583,0.687128,-24.5179,2.03326e+06
3.1,19.1435,2.46554,6.12373,0.870074,-268.727,2.10548e+06
3.2,19.3909,2.48399,6.21124,0.878696,3.63655,2.10549e+06
3.3,19.4776,-0.74974,0.0307863,1.17452,-470.182,2.32656e+06
3.4,19.2532,-3.73602,0.161462,1.43626,-435.761,2.51645e+06
3.5,19.0121,-1.0841,0.292382,1.18142,383.473,2.6635e+06
3.6,18.9194,-0.769151,0.407726,1.12397,42.2704,2.66529e+06
3.7,19.0113,2.6041,0.504356,0.809683,489.839,2.90523e+06
3.8,19.2046,1.2631,0.588323,0.86761,-200.505,2.94543e+06
3.9,19.1956,-1.43948,0.682518,1.01268,-402.183,3.10718e+06
4,18.9808,-2.85495,0.785717,1.04857,-214.552,3.15321e+06
4.1,18.6916,-2.93006,0.88755,0.986996,-17.1716,3.15351e+06
4.2,18.4133,-2.63581,0.981895,0.899445,37.9612,3.15495e+06
4.3,18.1582,-2.46841,1.06766,0.815405,19.7885,3.15534e+06
4.4,18.0629,0.561141,1.13891,0.612139,447.586,3.35567e+06
4.5,17.9967,-1.88543,1.20049,0.616966,-368.633,3.49156e+06
4.6,17.8482,-1.08493,1.25675,0.508669,116.767,3.5052e+06
4.7,17.865,1.42034,1.30001,0.357958,372.722,3.64412e+06
4.8,18.0332,1.94285,1.33089,0.259781,76.6747,3.65e+06
4.9,18.3111,3.61466,1.35078,0.138523,249.197,3.7121e+06
5,18.6168,2.49947,1.36137,0.0730157,-168.032,3.74033e+06
5.1,18.9711,4.58661,1.36236,-0.0533169,311.761,3.83753e+06
5.2,19.3186,2.36342,1.35478,-0.0979176,-333.976,3.94907e+06
5.3,19.5586,2.43559,1.34057,-0.186261,9.74847,3.94916e+06
5.4,19.9102,4.59697,1.3153,-0.319798,322.292,4.05304e+06
5.5,20.3171,3.54111,1.28029,-0.379765,-159.778,4.07856e+06
5.6,20.6017,2.15143,1.23995,-0.426024,-209.932,4.12264e+06
5.7,20.8861,3.53706,1.19103,-0.553268,204.51,4.16446e+06
5.8,21.3009,4.76034,1.12944,-0.679255,179.239,4.19659e+06
5.9,21.8356,5.9356,1.05514,-0.807452,170.888,4.22579e+06
6,22.3905,5.16297,0.972392,-0.845965,-119.813,4.24015e+06
6.1,22.9977,6.98301,0.879338,-1.01646,264.426,4.31007e+06
6.2,23.5547,4.15471,0.782868,-0.908764,-424.048,4.48988e+06
6.3,23.9411,3.57168,0.690881,-0.929387,-91.0567,4.49817e+06
6.4,24.4686,6.98209,0.582965,-1.2312,495.982,4.74417e+06
6.5,25.2436,8.51925,0.451568,-1.39661,219.135,4.79219e+06
6.6,26.0134,6.87337,0.317007,-1.29125,-245.396,4.85241e+06
6.7,26.7326,7.50947,0.183892,-1.36934,89.4472,4.86041e+06
6.8,27.3349,4.53405,0.0597091,-1.11158,-434.48,5.04919e+06
6.9,27.6308,1.38124,6.24594,-0.82587,-458.706,5.2596e+06
7,27.8125,2.25328,6.15969,-0.897772,127.523,5.27586e+06
7.1,27.939,0.275774,6.07947,-0.705847,-286.641,5.35802e+06
7.2,27.937,-0.315926,6.0125,-0.632596,-84.6706,5.36519e+06
7.3,27.9981,1.53694,5.94246,-0.766541,272.284,5.43933e+06
7.4,28.171,1.92111,5.86577,-0.766018,58.7372,5.44278e+06
7.5,28.4739,4.1352,5.78199,-0.907103,327.349,5.54994e+06
7.6,28.8337,3.06134,5.69774,-0.777488,-153.703,5.57356e+06
7.7,29.1817,3.89709,5.61944,-0.787032,126.767,5.58963e+06
7.8,29.4303,1.07704,5.55347,-0.533487,-411.893,5.75929e+06
7.9,29.604,2.3957,5.49876,-0.559463,197.882,5.79845e+06
8,29.8283,2.09058,5.44698,-0.475776,-41.9148,5.8002e+06
8.1,30.1424,4.19129,5.39647,-0.532653,314.222,5.89894e+06
8.2,30.5609,4.17886,5.34674,-0.461512,1.29043,5.89894e+06
8.3,30.9706,4.01601,5.30464,-0.380115,-21.3613,5.8994e+06
8.4,31.2659,1.89011,5.27566,-0.200109,-313.618,5.99775e+06
8.5,31.4993,2.77846,5.2573,-0.166809,134.272,6.01578e+06
8.6,31.9152,5.53829,5.238,-0.218263,412.823,6.1862e+06
8.7,32.6288,8.73325,5.21286,-0.283364,477.921,6.41461e+06
8.8,33.5045,8.78188,5.18834,-0.206727,9.35603,6.4147e+06
8.9,34.4271,9.67015,5.16982,-0.163457,134.367,6.43275e+06
9,35.2897,7.5817,5.16164,-0.000392064,-309.666,6.52865e+06
9.1,36.038,7.38465,5.166,0.0876054,-27.6287,6.52941e+06
9.2,36.6084,4.02206,5.18551,0.30351,-499.393,6.7788e+06
9.3,36.9323,2.45466,5.22312,0.449231,-231.046,6.83219e+06
9.4,37.185,2.60019,5.27156,0.519157,24.6195,6.83279e+06
9.5,37.3085,-0.131745,5.33399,0.731117,-402.272,6.99462e+06
9.6,37.2053,-1.93547,5.41559,0.902066,-262.68,7.06362e+06
9.7,37.1689,1.21001,5.49956,0.773377,470.047,7.28456e+06
9.8,37.2063,-0.463993,5.58548,0.945705,-242.256,7.34325e+06
9.9,37.2619,1.57897,5.67552,0.852145,305.188,7.43639e+06
10,37.5664,4.51346,5.75204,0.675212,434.304,7.62501e+06
10.1,38.0506,5.17036,5.81912,0.665253,99.1704,7.63484e+06
10.2,38.5611,5.04112,5.88808,0.713061,-16.2252,7.63511e+06
10.3,39.2094,7.92574,5.94881,0.49957,423.382,7.81436e+06
10.4,39.9639,7.1645,6.00344,0.592503,-109.307,7.82631e+06
10.5,40.8074,9.70562,6.05269,0.391229,371.739,7.9645e+06
10.6,41.7513,9.17229,6.09514,0.457202,-76.587,7.97036e+06
10.7,42.6355,8.51168,6.14458,0.530984,-95.2537,7.97944e+06
10.8,43.321,5.19794,6.21316,0.839958,-481.46,8.21124e+06
10.9,44.0019,8.42146,6.28273,0.550051,469.135,8.43133e+06
11,44.6725,4.99139,0.0700435,0.858779,-499.179,8.68051e+06
11.1,45.2645,6.84874,0.147089,0.681211,269.461,8.75312e+06
11.2,45.9221,6.30407,0.216899,0.713804,-80.5389,8.7596e+06
11.3,46.4861,4.97799,0.293071,0.808057,-195.086,8.79766e+06
11.4,46.9509,4.31865,0.375322,0.835475,-98.7156,8.80741e+06
11.5,47.2648,1.96176,0.466973,0.994767,-347.986,8.9285e+06
11.6,47.5204,3.14807,0.559582,0.857091,169.852,8.95735e+06
11.7,47.8434,3.31286,0.642199,0.794347,20.2061,8.95776e+06
11.8,48.1767,3.35241,0.718733,0.735482,1.80548,8.95776e+06
11.9,48.5421,3.95547,0.787248,0.634553,85.1738,8.96502e+06
12,48.9901,5.00347,0.84419,0.504406,151.562,8.98799e+06
12.1,49.53,5.79479,0.888906,0.389939,114.231,9.00104e+06
