0,1,0,0,0,0
0.1,1.00986,0.197146,6.27827,-0.0977691,470.992
0.2,1.00074,-0.379411,6.28305,0.192928,4487.12
0.3,1.12691,2.90127,6.22048,-1.43813,134893
0.4,1.2292,-0.855105,6.17247,0.480164,305061
0.5,1.28679,2.00623,6.15193,-0.888304,405045
0.6,1.4115,0.487866,6.10437,-0.0601322,432526
0.7,1.57757,2.8311,6.04539,-1.11123,500529
0.8,1.92731,4.15847,5.909,-1.59886,523366
0.9,2.54989,8.26452,5.66624,-3.18735,744732
1,3.3135,7.01652,5.38721,-2.39985,761053
1.1,3.85275,3.78662,5.21358,-1.10889,896666
1.2,4.33126,5.7819,5.10226,-1.09657,955111
1.3,4.89032,5.40282,5.01889,-0.571444,956759
1.4,5.41214,5.03473,4.98787,-0.0494129,958440
1.5,5.9857,6.43648,4.99694,0.229681,987261
1.6,6.74043,8.65801,5.0273,0.371285,1.05887e+06
1.7,7.59653,8.46158,5.08917,0.865821,1.05925e+06
1.8,8.25992,4.79059,5.23502,2.08971,1.24075e+06
1.9,8.68088,3.61788,5.48056,2.83142,1.25569e+06
2,8.87499,0.240239,5.84355,4.47401,1.38796e+06
2.1,9.03743,3.04514,6.23229,3.23109,1.49046e+06
2.2,9.20529,0.343594,0.338466,4.49723,1.58281e+06
2.3,9.13245,-1.74701,0.823607,5.10457,1.65374e+06
2.4,9.10821,1.23075,1.27221,3.95325,1.75059e+06
2.5,9.37044,3.99479,1.63147,3.3115,1.84326e+06
2.6,9.91423,6.87771,1.95059,3.15068,1.94993e+06
2.7,10.6054,6.93369,2.24474,2.74289,1.94995e+06
2.8,11.1343,3.62077,2.44497,1.22572,2.09596e+06
2.9,11.3039,-0.231758,2.47695,-0.591998,2.28447e+06
3,11.3832,1.81575,2.44217,-0.110278,2.34115e+06
3.1,11.7045,4.61203,2.46899,0.65312,2.4459e+06
3.2,12.1859,5.01661,2.52747,0.521606,2.44842e+06
3.3,12.5857,2.97966,2.52382,-0.594484,2.4996e+06
3.4,12.8194,1.69907,2.42397,-1.40047,2.51983e+06
3.5,13.1926,5.75523,2.34117,-0.282807,2.74034e+06
3.6,13.7894,6.18129,2.30245,-0.494749,2.74323e+06
3.7,14.3135,4.30897,2.20383,-1.4685,2.78899e+06
3.8,14.7982,5.38473,2.05134,-1.59934,2.80499e+06
3.9,15.5349,9.34314,1.91053,-1.26516,3.02463e+06
4,16.2933,5.84069,1.73547,-2.18824,3.20234e+06
4.1,16.9532,7.36621,1.49561,-2.64013,3.23189e+06
4.2,17.6179,5.93231,1.21342,-2.9663,3.26756e+06
4.3,18.2636,6.9943,0.883237,-3.65243,3.27793e+06
4.4,19.1011,9.77318,0.451096,-5.03201,3.3616e+06
4.5,20.0268,8.69596,6.24885,-4.60737,3.3787e+06
4.6,20.8311,7.37122,5.82445,-3.84967,3.39717e+06
4.7,21.6069,8.12546,5.43695,-3.85292,3.40894e+06
4.8,22.3359,6.47095,5.09544,-3.00712,3.43782e+06
4.9,22.8191,3.21395,4.84166,-2.13224,3.57759e+06
5,23.266,5.73021,4.64903,-1.67952,3.67343e+06
5.1,24.0219,9.39737,4.5158,-0.945506,3.86846e+06
5.2,24.7932,6.02678,4.42615,-0.873707,4.03106e+06
5.3,25.3807,5.72707,4.35978,-0.456626,4.03248e+06
5.4,25.7764,2.18476,4.30502,-0.655493,4.21144e+06
5.5,26.0415,3.11887,4.27139,-0.0155221,4.2229e+06
5.6,26.2459,0.968582,4.26901,-0.0325554,4.2894e+06
5.7,26.2731,-0.423679,4.27296,0.112078,4.31773e+06
5.8,26.4316,3.58358,4.34788,1.36397,4.54061e+06
5.9,26.8858,5.48936,4.52232,2.10047,4.59373e+06
6,27.5693,8.16699,4.76436,2.68738,4.70398e+06
6.1,28.3255,6.94305,5.0617,3.2858,4.72016e+06
6.2,28.9698,5.93107,5.4233,3.96057,4.72866e+06
6.3,29.4513,3.69081,5.8772,5.14125,4.77976e+06
6.4,30.0327,7.98422,0.0118086,3.13094,5.0134e+06
6.5,30.7897,7.17401,0.342491,3.44363,5.02242e+06
6.6,31.4769,6.58574,0.689586,3.45836,5.02916e+06
6.7,32.1908,7.68335,0.998648,2.73041,5.0408e+06
6.8,32.8225,4.96027,1.28145,2.85542,5.15643e+06
6.9,33.3796,6.1697,1.53696,2.27782,5.17343e+06
7,33.9735,5.69916,1.73983,1.77263,5.17752e+06
7.1,34.3519,1.85692,1.87222,0.834969,5.38918e+06
7.2,34.6996,5.10038,1.95876,0.920597,5.53911e+06
7.3,35.1195,3.29216,2.01031,0.104226,5.58359e+06
7.4,35.5304,4.927,2.01608,0.0120728,5.62239e+06
7.5,36.0308,5.08206,1.9968,-0.39849,5.62287e+06
7.6,36.3863,2.03626,1.90442,-1.42856,5.75206e+06
7.7,36.5013,0.274415,1.72578,-2.1209,5.79796e+06
7.8,36.7178,4.06281,1.49703,-2.52668,5.99539e+06
7.9,36.9566,0.712538,1.23356,-2.66613,6.16841e+06
8,37.1324,2.82338,0.922837,-3.58926,6.22022e+06
8.1,37.2125,-1.25897,0.615701,-2.4493,6.45694e+06
8.2,37.0248,-2.5055,0.384806,-2.13593,6.4792e+06
8.3,36.9417,0.846357,0.0841655,-3.87437,6.61214e+06
8.4,37.2303,4.86671,5.88025,-5.77604,6.8177e+06
8.5,37.8716,7.8589,5.25319,-6.58844,6.9757e+06
8.6,38.6756,8.22716,4.61443,-6.1564,6.99109e+06
8.7,39.4301,6.88939,4.0121,-5.96522,7.00025e+06
8.8,40.0545,5.63708,3.40576,-6.22138,7.01171e+06
8.9,40.6497,6.32286,2.80062,-5.9041,7.01711e+06
9,41.1816,4.41542,2.15494,-6.95046,7.08655e+06
9.1,41.5465,2.94458,1.42394,-7.58841,7.16238e+06
9.2,41.6855,-0.260149,0.673073,-7.2022,7.38799e+06
9.3,41.6654,-0.257203,6.22353,-7.34253,7.38912e+06
9.4,41.7705,2.18485,5.43519,-8.22402,7.49857e+06
9.5,42.131,4.97146,4.60388,-8.18953,7.71103e+06
9.6,42.6486,5.47779,3.81154,-7.63592,7.73751e+06
9.7,43.2289,6.24487,3.07268,-7.1313,7.75065e+06
9.8,44.0313,9.82404,2.43668,-5.69824,7.89054e+06
9.9,44.9787,9.18217,1.83685,-6.2824,7.90764e+06
10,45.8118,7.49759,1.1821,-6.71807,7.9895e+06
10.1,46.6096,8.41981,0.476997,-7.3721,7.99044e+06
10.2,47.3624,6.51595,6.06021,-6.50083,8.04074e+06
10.3,47.9944,6.06819,5.42901,-6.06791,8.04078e+06
10.4,48.4752,3.57477,4.87458,-5.11063,8.09648e+06
10.5,48.6602,0.139254,4.38766,-4.76833,8.22995e+06
10.6,48.6176,-0.976755,3.91945,-4.64912,8.23957e+06
10.7,48.6797,2.268,3.53312,-3.02689,8.38328e+06
10.8,48.7997,0.129452,3.18612,-3.95469,8.43783e+06
10.9,48.9271,2.41996,2.84562,-2.89072,8.5009e+06
11,49.0519,0.106853,2.49322,-4.13917,8.57213e+06
11.1,49.2591,4.01193,2.13206,-3.19856,8.76282e+06
11.2,49.5979,2.7889,1.77665,-3.88242,8.79002e+06
11.3,49.9223,3.71571,1.36568,-4.36863,8.79604e+06
11.4,50.2114,2.05486,0.920133,-4.46866,8.85156e+06
11.5,50.4297,2.29485,0.451814,-4.86806,8.85158e+06
11.6,50.8354,5.77459,6.15756,-6.64131,8.991e+06
11.7,51.4237,5.91239,5.49642,-6.4952,8.9942e+06
11.8,51.8099,1.85478,4.92315,-5.12768,9.16779e+06
11.9,52.1815,5.60169,4.43085,-4.56563,9.41425e+06
12,52.5528,1.80999,3.95673,-5.06862,9.58305e+06
12.1,52.8424,4.03291,3.50764,-3.87744,9.65576e+06
12.2,53.0867,0.86291,3.04825,-5.35905,9.77555e+06
12.3,53.0709,-1.10155,2.45694,-6.44134,9.83443e+06
12.4,53.1523,2.72083,1.85358,-5.81376,9.98757e+06
12.5,53.5812,5.88069,1.2547,-6.31939,1.00821e+07
12.6,54.1545,5.54764,0.605682,-6.60375,1.0094e+07
12.7,54.5383,2.03,0.0141915,-5.08343,1.02664e+07
12.8,54.605,-0.712278,5.85959,-3.65086,1.03528e+07
12.9,54.6746,2.05822,5.44763,-4.48729,1.04676e+07
13,55.0103,4.6276,4.98362,-4.68093,1.05856e+07
13.1,55.3685,2.5551,4.54606,-4.14405,1.06297e+07
13.2,55.4701,-0.525373,4.13203,-4.24771,1.07431e+07
13.3,55.6192,3.5601,3.79128,-2.48429,1.09766e+07
13.4,56.0455,4.97553,3.58561,-1.62662,1.10021e+07
13.5,56.4682,3.47402,3.39753,-2.15995,1.10302e+07
13.6,56.9352,5.86899,3.24489,-0.898302,1.10997e+07
13.7,57.5747,6.92086,3.1832,-0.340466,1.11129e+07
13.8,58.305,7.68423,3.16905,0.0563305,1.11199e+07
13.9,58.9438,5.09149,3.11036,-1.23544,1.12013e+07
14,59.5158,6.34601,3.01649,-0.651196,1.12206e+07
14.1,60.2208,7.75326,2.98276,-0.0270547,1.12451e+07
14.2,60.9503,6.83804,2.95349,-0.56055,1.12549e+07
14.3,61.4543,3.24882,2.80437,-2.41881,1.14118e+07
14.4,61.9534,6.71959,2.63277,-1.05228,1.15633e+07
14.5,62.6585,7.38078,2.52905,-1.03295,1.15694e+07
14.6,63.1844,3.16632,2.32717,-2.96051,1.18017e+07
14.7,63.6239,5.61604,2.04949,-2.65457,1.18789e+07
14.8,64.1226,4.3768,1.74956,-3.31962,1.19049e+07
14.9,64.6243,5.67254,1.39526,-3.80466,1.19219e+07
15,65.2079,6.00768,0.989057,-4.31932,1.19219e+07
15.1,65.9361,8.57345,0.496526,-5.5788,1.19881e+07
15.2,66.6901,6.44601,6.26306,-4.66359,1.20508e+07
15.3,67.2162,4.06377,5.85888,-3.40046,1.21157e+07
15.4,67.7683,6.93586,5.46943,-4.29163,1.22365e+07
15.5,68.2673,3.08017,5.11703,-2.84521,1.24181e+07
15.6,68.5298,2.18215,4.86282,-2.25331,1.24266e+07
15.7,68.7481,2.19049,4.66189,-1.76444,1.24267e+07
15.8,69.0791,4.43734,4.51564,-1.13438,1.25008e+07
