50,1,1
0,1,0,0,0,0,0
0.1,0.885758,-2.28373,0.0568819,1.13219,-251.44,63222.2
0.2,0.83543,1.27716,0.0794187,-0.682765,391.087,216171
0.3,1.10318,4.07528,6.22331,-2.09089,307.644,310816
0.4,1.69585,7.75366,5.92633,-3.79509,412.029,480584
0.5,2.25472,3.44688,5.65433,-1.68264,-472.909,704226
0.6,2.38515,-0.829494,5.58531,0.287966,-481.538,936105
0.7,2.46478,2.42055,5.56744,-0.64059,375.925,1.07742e+06
0.8,2.89702,6.2126,5.45019,-1.66734,442.282,1.27304e+06
0.9,3.39765,3.80927,5.34079,-0.535089,-272.259,1.34716e+06
1,3.96593,7.54972,5.25417,-1.16908,443.088,1.54349e+06
1.1,4.78121,8.75589,5.14415,-1.01722,148.283,1.56548e+06
1.2,5.50889,5.80238,5.09418,0.00708552,-345.855,1.68509e+06
1.3,6.03423,4.70257,5.12794,0.670351,-126.617,1.70112e+06
1.4,6.64452,7.50491,5.18756,0.506934,335.507,1.81369e+06
1.5,7.40656,7.73438,5.25707,0.879594,32.013,1.81471e+06
1.6,8.06234,5.36958,5.39784,1.95534,-268.136,1.88661e+06
1.7,8.58267,5.03398,5.61689,2.41835,-27.0051,1.88734e+06
1.8,9.07463,4.80808,5.87694,2.76578,-14.3169,1.88755e+06
1.9,9.35322,0.764945,6.257,4.8333,-439.357,2.08058e+06
2,9.42468,0.703036,0.456376,4.76036,-18.5987,2.08093e+06
2.1,9.45642,-0.038358,0.934074,4.73354,-118.143,2.09488e+06
2.2,9.65361,3.94357,1.33862,3.473,437.526,2.28631e+06
2.3,10.0958,4.88597,1.65875,2.95336,91.9167,2.29476e+06
2.4,10.7514,8.22732,1.94534,2.86093,385.219,2.44315e+06
2.5,11.5066,6.8582,2.19443,2.10177,-167.909,2.47135e+06
2.6,12.1327,5.65347,2.36674,1.33731,-139.131,2.49071e+06
2.7,12.7622,6.94036,2.50808,1.50928,149.21,2.51297e+06
2.8,13.546,8.74152,2.68312,2.02021,204.236,2.55468e+06
2.9,14.2742,5.81661,2.80849,0.481538,-323.859,2.65957e+06
3,14.6718,2.13834,2.76166,-1.41541,-406.001,2.8244e+06
3.1,15.0999,6.41783,2.70843,0.336881,481.133,3.05589e+06
3.2,15.8853,9.29559,2.79806,1.47325,323.704,3.16068e+06
3.3,16.7997,8.99256,2.93098,1.19468,-31.986,3.1617e+06
3.4,17.7066,9.14723,3.05006,1.19738,18.0783,3.16203e+06
3.5,18.6603,9.92754,3.18804,1.57452,86.0276,3.16943e+06
3.6,19.6346,9.56066,3.33872,1.4526,-41.0582,3.17111e+06
3.7,20.3978,5.70623,3.39571,-0.302436,-428.188,3.35446e+06
3.8,20.78,1.9322,3.27935,-2.04449,-418.236,3.52938e+06
3.9,20.939,1.24778,3.0595,-2.37091,-75.3736,3.53506e+06
4,21.0857,1.68534,2.82931,-2.25314,48.1322,3.53738e+06
4.1,21.3676,3.9444,2.64751,-1.41372,253.096,3.60143e+06
4.2,21.5846,0.422195,2.41795,-3.14418,-400.432,3.76178e+06
4.3,21.8104,4.07408,2.14813,-2.33471,416.587,3.93532e+06
4.4,22.2721,5.16223,1.90611,-2.53335,121.765,3.95015e+06
4.5,22.6707,2.82982,1.61482,-3.23954,-293.71,4.03642e+06
4.6,23.1494,6.76706,1.25979,-3.97376,445.296,4.23471e+06
4.7,23.7326,4.88208,0.860421,-3.93914,-253.252,4.29884e+06
4.8,24.2027,4.50218,0.457076,-4.08748,-67.5703,4.30341e+06
4.9,24.4333,0.0762626,0.143611,-2.10759,-499.47,4.55288e+06
5,24.6656,4.55314,6.10283,-4.33633,493.623,4.79654e+06
5.1,25.0464,3.05441,5.71207,-3.46397,-152.812,4.81989e+06
5.2,25.3742,3.49423,5.37247,-3.29609,70.6413,4.82488e+06
5.3,25.7195,3.41652,5.06474,-2.84935,11.43,4.82501e+06
5.4,25.9637,1.48133,4.81613,-2.159,-217.028,4.87211e+06
5.5,26.1901,3.05503,4.62331,-1.67195,196.29,4.91064e+06
5.6,26.3936,1.01747,4.47315,-1.35804,-241.045,4.96875e+06
5.7,26.6098,3.31326,4.37661,-0.556383,272.725,5.04313e+06
5.8,27.0555,5.60227,4.36347,0.295865,268.992,5.11548e+06
5.9,27.6968,7.22001,4.42947,1.01655,190.475,5.15176e+06
6,28.4719,8.27501,4.5613,1.61044,127.428,5.168e+06
6.1,29.1827,5.93586,4.74122,2.02367,-274.683,5.24345e+06
6.2,29.652,3.4362,4.97422,2.68237,-287.239,5.32596e+06
6.3,29.8234,-0.0368924,5.2956,3.82539,-388.524,5.47691e+06
6.4,29.695,-2.55097,5.73744,5.05669,-257.38,5.54315e+06
6.5,29.4371,-2.56408,6.25329,5.19944,15.9259,5.54341e+06
6.6,29.3579,0.993025,0.399529,3.37334,385.064,5.69168e+06
6.7,29.438,0.620384,0.733279,3.26819,-58.3061,5.69508e+06
6.8,29.3811,-1.7345,1.08114,3.61076,-297.186,5.7834e+06
6.9,29.2159,-1.57982,1.41796,3.12264,-5.89497,5.78344e+06
7,29.2231,1.71216,1.70133,2.62199,378.704,5.92685e+06
7.1,29.519,4.20383,1.95296,2.4659,287.434,6.00947e+06
7.2,29.8984,3.37153,2.16851,1.83766,-102.167,6.01991e+06
7.3,30.268,4.01932,2.3428,1.66403,75.202,6.02556e+06
7.4,30.5999,2.61228,2.46691,0.813384,-158.333,6.05063e+06
7.5,31.0619,6.64235,2.61436,2.17976,458.637,6.26098e+06
7.6,31.8091,8.30813,2.85899,2.74731,184.802,6.29513e+06
7.7,32.5743,6.99182,3.09681,2.02206,-145.591,6.31633e+06
7.8,33.2125,5.77426,3.269,1.43727,-134.219,6.33435e+06
7.9,33.7031,4.03942,3.37402,0.675936,-192.823,6.37153e+06
8,33.9856,1.61279,3.38873,-0.379525,-270.681,6.44479e+06
8.1,33.9267,-2.79991,3.24858,-2.44806,-488.202,6.68314e+06
8.2,33.7898,0.0627364,3.07615,-1.01427,315.078,6.78241e+06
8.3,33.8161,0.461764,2.98229,-0.871614,44.853,6.78442e+06
8.4,33.9485,2.18383,2.93306,-0.118811,191.761,6.82119e+06
8.5,34.168,2.20706,2.91657,-0.21248,4.60557,6.82122e+06
8.6,34.2887,0.208486,2.84092,-1.30252,-219.09,6.86922e+06
8.7,34.5071,4.15563,2.79617,0.397659,441.293,7.06395e+06
8.8,34.9508,4.71832,2.84125,0.508467,65.291,7.06822e+06
8.9,35.5974,8.22068,2.96973,2.08364,388.939,7.21949e+06
9,36.2302,4.43352,3.08127,0.151651,-416.427,7.3929e+06
9.1,36.6588,4.14037,3.08773,-0.0219483,-31.7116,7.39391e+06
9.2,37.1919,6.52132,3.14387,1.15019,262.271,7.46269e+06
9.3,37.9476,8.59294,3.31181,2.2195,227.85,7.51461e+06
9.4,38.7719,7.8943,3.52265,2.01802,-77.5537,7.52063e+06
9.5,39.403,4.73764,3.66317,0.823552,-355.615,7.64709e+06
9.6,39.7171,1.54735,3.68965,-0.287619,-363.644,7.77932e+06
9.7,40.0253,4.61253,3.73908,1.27109,341.893,7.89621e+06
9.8,40.3522,1.9294,3.82649,0.496965,-308.655,7.99148e+06
9.9,40.5513,2.05201,3.89441,0.86471,9.78973,7.99158e+06
10,40.7211,1.34439,3.9856,0.968213,-85.1604,7.99883e+06
10.1,40.9287,2.79953,4.12457,1.80213,167.496,8.02689e+06
10.2,41.2953,4.51608,4.34756,2.63394,207.178,8.06981e+06
10.3,41.6712,2.99468,4.62423,2.93793,-168.946,8.09835e+06
10.4,42.0931,5.43402,4.94162,3.34402,313.092,8.19638e+06
10.5,42.534,3.36228,5.31641,4.20274,-216.068,8.24306e+06
10.6,42.7564,1.07275,5.79319,5.36917,-227.735,8.29493e+06
10.7,42.9915,3.68548,6.27739,4.22498,303.279,8.3869e+06
10.8,43.287,2.26548,0.449268,4.80889,-168.265,8.41522e+06
10.9,43.4919,1.85705,0.92514,4.65861,-79.582,8.42155e+06
11,43.8193,4.66158,1.33571,3.63128,297.397,8.51e+06
11.1,44.1702,2.34747,1.68124,3.21132,-301.688,8.60101e+06
11.2,44.4999,4.24098,1.98857,2.98788,210.055,8.64514e+06
11.3,44.9619,4.99312,2.27539,2.7746,78.5594,8.65131e+06
11.4,45.5344,6.45991,2.56193,2.9982,161.789,8.67748e+06
11.5,46.1378,5.59964,2.83156,2.40189,-98.8116,8.68725e+06
11.6,46.6751,5.14302,3.05506,2.08333,-50.5572,8.6898e+06
11.7,47.0532,2.42064,3.19468,0.720652,-299.568,8.77954e+06
11.8,47.4662,5.83728,3.35407,2.47295,376.043,8.92095e+06
11.9,48.0448,5.73099,3.606,2.58481,-10.629,8.92106e+06
12,48.5388,4.15605,3.84349,2.20072,-176.382,8.95218e+06
12.1,48.9345,3.75464,4.07363,2.41938,-43.4073,8.95406e+06
12.2,49.3825,5.18513,4.3554,3.1927,178.192,8.98581e+06
